1.0000 0.0355 0.0078
2.0000 0.0594 0.0110
3.0000 0.0643 0.0160
4.0000 0.0887 0.0183
5.0000 0.0892 0.0134
6.0000 0.0867 0.0140
7.0000 0.0679 0.0108
8.0000 0.0844 0.0135
9.0000 0.1078 0.0151
10.0000 0.1353 0.0233
11.0000 0.1447 0.0237
12.0000 0.1562 0.0173
13.0000 0.0992 0.0195
14.0000 0.0982 0.0144
15.0000 0.1561 0.0166
16.0000 0.0920 0.0084
17.0000 0.0790 0.0073
18.0000 0.0758 0.0077
19.0000 0.0484 0.0058
20.0000 0.0516 0.0062
21.0000 0.0783 0.0071
22.0000 0.0614 0.0064
23.0000 0.1221 0.0132
24.0000 0.0669 0.0099
25.0000 0.0626 0.0065
26.0000 0.0890 0.0103
27.0000 0.0931 0.0081
28.0000 0.0556 0.0062
29.0000 0.0823 0.0084
30.0000 0.1105 0.0116
31.0000 0.0996 0.0200
32.0000 0.1265 0.0146
33.0000 0.0777 0.0111
34.0000 0.0907 0.0223
35.0000 0.1149 0.0157
36.0000 0.0989 0.0132
37.0000 0.1525 0.0160
38.0000 0.0824 0.0128
