1.0000 0.0253 0.0063
2.0000 0.0453 0.0094
3.0000 0.0421 0.0101
4.0000 0.0717 0.0131
5.0000 0.0696 0.0113
6.0000 0.0708 0.0122
7.0000 0.0537 0.0099
8.0000 0.0667 0.0126
9.0000 0.0854 0.0135
10.0000 0.1127 0.0211
11.0000 0.1259 0.0227
12.0000 0.1252 0.0155
13.0000 0.0754 0.0176
14.0000 0.0804 0.0130
15.0000 0.1256 0.0153
16.0000 0.0633 0.0065
17.0000 0.0568 0.0053
18.0000 0.0613 0.0070
19.0000 0.0357 0.0049
20.0000 0.0383 0.0055
21.0000 0.0626 0.0061
22.0000 0.0458 0.0054
23.0000 0.1001 0.0091
24.0000 0.0515 0.0067
25.0000 0.0445 0.0052
26.0000 0.0658 0.0068
27.0000 0.0665 0.0064
28.0000 0.0415 0.0050
29.0000 0.0643 0.0073
30.0000 0.0856 0.0086
31.0000 0.0761 0.0179
32.0000 0.0975 0.0131
33.0000 0.0556 0.0089
34.0000 0.0710 0.0195
35.0000 0.0978 0.0148
36.0000 0.0729 0.0109
37.0000 0.1295 0.0133
38.0000 0.0617 0.0104
