1.0000 0.0134 0.0026
2.0000 0.0223 0.0042
3.0000 0.0241 0.0065
4.0000 0.0399 0.0079
5.0000 0.0321 0.0049
6.0000 0.0422 0.0085
7.0000 0.0301 0.0051
8.0000 0.0364 0.0077
9.0000 0.0497 0.0092
10.0000 0.0779 0.0127
11.0000 0.0853 0.0138
12.0000 0.0628 0.0109
13.0000 0.0422 0.0093
14.0000 0.0486 0.0081
15.0000 0.0670 0.0096
16.0000 0.0252 0.0023
17.0000 0.0218 0.0024
18.0000 0.0385 0.0053
19.0000 0.0202 0.0034
20.0000 0.0221 0.0033
21.0000 0.0404 0.0046
22.0000 0.0279 0.0037
23.0000 0.0561 0.0062
24.0000 0.0287 0.0041
25.0000 0.0214 0.0030
26.0000 0.0240 0.0026
27.0000 0.0267 0.0033
28.0000 0.0218 0.0025
29.0000 0.0426 0.0057
30.0000 0.0448 0.0052
31.0000 0.0448 0.0088
32.0000 0.0402 0.0054
33.0000 0.0287 0.0039
34.0000 0.0400 0.0088
35.0000 0.0688 0.0180
36.0000 0.0433 0.0061
37.0000 0.0865 0.0079
38.0000 0.0401 0.0075
