1.0000 0.0687 0.0096
2.0000 0.1295 0.0236
3.0000 0.0745 0.0172
4.0000 0.1477 0.0149
5.0000 0.1256 0.0144
6.0000 0.0974 0.0122
7.0000 0.1340 0.0178
8.0000 0.1820 0.0186
9.0000 0.1684 0.0216
10.0000 0.1939 0.0217
11.0000 0.2379 0.0200
12.0000 0.2424 0.0257
13.0000 0.1305 0.0190
14.0000 0.1605 0.0159
15.0000 0.2553 0.0204
16.0000 0.1761 0.0164
17.0000 0.1249 0.0112
18.0000 0.1479 0.0134
19.0000 0.1124 0.0123
20.0000 0.0818 0.0106
21.0000 0.1234 0.0147
22.0000 0.1270 0.0157
23.0000 0.2093 0.0170
24.0000 0.1425 0.0149
25.0000 0.1492 0.0149
26.0000 0.2035 0.0158
27.0000 0.1836 0.0160
28.0000 0.1091 0.0123
29.0000 0.1533 0.0146
30.0000 0.2068 0.0190
31.0000 0.1540 0.0146
32.0000 0.1589 0.0139
33.0000 0.1133 0.0130
34.0000 0.1329 0.0136
35.0000 0.1284 0.0124
36.0000 0.1102 0.0125
37.0000 0.1937 0.0156
38.0000 0.0838 0.0095
