1.0000 0.0390 0.0052
2.0000 0.0595 0.0161
3.0000 0.0393 0.0088
4.0000 0.0740 0.0075
5.0000 0.0394 0.0044
6.0000 0.0415 0.0055
7.0000 0.0516 0.0062
8.0000 0.0896 0.0114
9.0000 0.0897 0.0134
10.0000 0.1079 0.0138
11.0000 0.1637 0.0169
12.0000 0.0807 0.0100
13.0000 0.0447 0.0055
14.0000 0.0884 0.0108
15.0000 0.1042 0.0087
16.0000 0.0701 0.0073
17.0000 0.0417 0.0051
18.0000 0.0755 0.0066
19.0000 0.0593 0.0066
20.0000 0.0314 0.0041
21.0000 0.0656 0.0098
22.0000 0.0645 0.0103
23.0000 0.0917 0.0078
24.0000 0.0711 0.0084
25.0000 0.0732 0.0126
26.0000 0.0530 0.0049
27.0000 0.0659 0.0102
28.0000 0.0509 0.0059
29.0000 0.0714 0.0071
30.0000 0.0942 0.0078
31.0000 0.0870 0.0099
32.0000 0.0491 0.0036
33.0000 0.0579 0.0063
34.0000 0.0711 0.0098
35.0000 0.0694 0.0093
36.0000 0.0460 0.0060
37.0000 0.0944 0.0077
38.0000 0.0344 0.0047
