1.0000 0.0529 0.0064
2.0000 0.0992 0.0210
3.0000 0.0564 0.0156
4.0000 0.1218 0.0135
5.0000 0.0963 0.0126
6.0000 0.0763 0.0106
7.0000 0.1002 0.0129
8.0000 0.1525 0.0170
9.0000 0.1394 0.0212
10.0000 0.1644 0.0204
11.0000 0.2112 0.0193
12.0000 0.1900 0.0183
13.0000 0.0977 0.0144
14.0000 0.1242 0.0138
15.0000 0.2010 0.0167
16.0000 0.1371 0.0145
17.0000 0.0939 0.0099
18.0000 0.1225 0.0094
19.0000 0.0895 0.0102
20.0000 0.0610 0.0088
21.0000 0.0990 0.0128
22.0000 0.1021 0.0142
23.0000 0.1749 0.0152
24.0000 0.1111 0.0122
25.0000 0.1195 0.0142
26.0000 0.1511 0.0140
27.0000 0.1393 0.0136
28.0000 0.0823 0.0107
29.0000 0.1220 0.0125
30.0000 0.1723 0.0169
31.0000 0.1271 0.0132
32.0000 0.1146 0.0086
33.0000 0.0912 0.0114
34.0000 0.1097 0.0124
35.0000 0.1037 0.0116
36.0000 0.0803 0.0106
37.0000 0.1632 0.0142
38.0000 0.0597 0.0066
