1.0000 0.0242 0.0089
2.0000 0.0168 0.0025
3.0000 0.0128 0.0020
4.0000 0.0350 0.0066
5.0000 0.0193 0.0023
6.0000 0.0276 0.0037
7.0000 0.0266 0.0035
8.0000 0.0741 0.0133
9.0000 0.0860 0.0106
10.0000 0.1395 0.0213
11.0000 0.1302 0.0106
12.0000 0.1434 0.0229
13.0000 0.0880 0.0097
14.0000 0.1580 0.0217
15.0000 0.1039 0.0095
16.0000 0.0779 0.0092
17.0000 0.0856 0.0106
18.0000 0.1673 0.0228
19.0000 0.0747 0.0079
20.0000 0.0716 0.0097
21.0000 0.0720 0.0078
22.0000 0.0637 0.0056
23.0000 0.0761 0.0097
24.0000 0.0479 0.0067
25.0000 0.0479 0.0048
26.0000 0.0487 0.0039
27.0000 0.0749 0.0086
28.0000 0.0703 0.0097
29.0000 0.0559 0.0048
30.0000 0.0409 0.0058
31.0000 0.0742 0.0080
32.0000 0.0695 0.0092
33.0000 0.0706 0.0093
34.0000 0.1106 0.0189
35.0000 0.0663 0.0076
36.0000 0.0553 0.0068
37.0000 0.1179 0.0124
38.0000 0.0438 0.0043
