1.0000 0.0306 0.0094
2.0000 0.0335 0.0041
3.0000 0.0206 0.0026
4.0000 0.0604 0.0090
5.0000 0.0413 0.0044
6.0000 0.0499 0.0074
7.0000 0.0536 0.0085
8.0000 0.1356 0.0209
9.0000 0.1500 0.0213
10.0000 0.1817 0.0222
11.0000 0.2034 0.0147
12.0000 0.2244 0.0244
13.0000 0.1938 0.0356
14.0000 0.2050 0.0235
15.0000 0.2030 0.0207
16.0000 0.1858 0.0149
17.0000 0.1957 0.0239
18.0000 0.2453 0.0411
19.0000 0.1481 0.0191
20.0000 0.1137 0.0176
21.0000 0.1073 0.0106
22.0000 0.0921 0.0083
23.0000 0.1395 0.0189
24.0000 0.0874 0.0154
25.0000 0.0906 0.0089
26.0000 0.1324 0.0079
27.0000 0.1472 0.0192
28.0000 0.1168 0.0169
29.0000 0.0973 0.0096
30.0000 0.0734 0.0084
31.0000 0.1144 0.0112
32.0000 0.1680 0.0201
33.0000 0.1134 0.0161
34.0000 0.1748 0.0328
35.0000 0.0953 0.0100
36.0000 0.0938 0.0066
37.0000 0.1943 0.0210
38.0000 0.0710 0.0059
