1.0000 0.0415 0.0075
2.0000 0.0510 0.0068
3.0000 0.0305 0.0034
4.0000 0.0771 0.0098
5.0000 0.0610 0.0065
6.0000 0.0628 0.0087
7.0000 0.0722 0.0094
8.0000 0.1568 0.0214
9.0000 0.1790 0.0228
10.0000 0.2101 0.0224
11.0000 0.2434 0.0218
12.0000 0.2660 0.0251
13.0000 0.2321 0.0381
14.0000 0.2302 0.0236
15.0000 0.2447 0.0223
16.0000 0.2656 0.0253
17.0000 0.2484 0.0270
18.0000 0.2753 0.0436
19.0000 0.1928 0.0241
20.0000 0.1404 0.0189
21.0000 0.1364 0.0119
22.0000 0.1128 0.0095
23.0000 0.1692 0.0205
24.0000 0.1151 0.0181
25.0000 0.1170 0.0106
26.0000 0.1730 0.0117
27.0000 0.1874 0.0222
28.0000 0.1442 0.0183
29.0000 0.1246 0.0113
30.0000 0.0989 0.0109
31.0000 0.1449 0.0135
32.0000 0.2301 0.0267
33.0000 0.1504 0.0198
34.0000 0.2061 0.0358
35.0000 0.1151 0.0108
36.0000 0.1210 0.0094
37.0000 0.2197 0.0224
38.0000 0.1010 0.0096
