1.0000 0.0235 0.0043
2.0000 0.0266 0.0067
3.0000 0.0171 0.0034
4.0000 0.0402 0.0074
5.0000 0.0363 0.0078
6.0000 0.0298 0.0041
7.0000 0.0488 0.0159
8.0000 0.0422 0.0055
9.0000 0.0469 0.0082
10.0000 0.0583 0.0110
11.0000 0.0731 0.0103
12.0000 0.0563 0.0096
13.0000 0.0406 0.0084
14.0000 0.0619 0.0100
15.0000 0.0658 0.0061
16.0000 0.0490 0.0053
17.0000 0.0309 0.0026
18.0000 0.0495 0.0045
19.0000 0.0365 0.0044
20.0000 0.0367 0.0054
21.0000 0.0409 0.0045
22.0000 0.0312 0.0037
23.0000 0.0795 0.0097
24.0000 0.0349 0.0037
25.0000 0.0259 0.0026
26.0000 0.0353 0.0048
27.0000 0.0288 0.0038
28.0000 0.0277 0.0041
29.0000 0.0271 0.0036
30.0000 0.0295 0.0037
31.0000 0.0480 0.0057
32.0000 0.0272 0.0026
33.0000 0.0427 0.0116
34.0000 0.0417 0.0083
35.0000 0.0562 0.0085
36.0000 0.0440 0.0060
37.0000 0.0977 0.0116
38.0000 0.0274 0.0036
