1.0000 0.0339 0.0066
2.0000 0.0462 0.0095
3.0000 0.0280 0.0061
4.0000 0.0677 0.0103
5.0000 0.0676 0.0094
6.0000 0.0562 0.0097
7.0000 0.0799 0.0180
8.0000 0.0894 0.0131
9.0000 0.0904 0.0135
10.0000 0.0934 0.0129
11.0000 0.1068 0.0142
12.0000 0.1127 0.0131
13.0000 0.0902 0.0224
14.0000 0.1020 0.0204
15.0000 0.1233 0.0127
16.0000 0.1025 0.0080
17.0000 0.0830 0.0080
18.0000 0.0833 0.0071
19.0000 0.0622 0.0069
20.0000 0.0604 0.0106
21.0000 0.0657 0.0064
22.0000 0.0518 0.0050
23.0000 0.1310 0.0129
24.0000 0.0646 0.0058
25.0000 0.0546 0.0053
26.0000 0.0884 0.0119
27.0000 0.0742 0.0105
28.0000 0.0465 0.0059
29.0000 0.0539 0.0073
30.0000 0.0621 0.0062
31.0000 0.0745 0.0103
32.0000 0.0856 0.0101
33.0000 0.0644 0.0115
34.0000 0.0688 0.0113
35.0000 0.0863 0.0128
36.0000 0.0738 0.0100
37.0000 0.1461 0.0152
38.0000 0.0451 0.0052
