1.0000 0.0453 0.0077
2.0000 0.0645 0.0155
3.0000 0.0396 0.0074
4.0000 0.0835 0.0110
5.0000 0.0874 0.0109
6.0000 0.0746 0.0120
7.0000 0.0976 0.0199
8.0000 0.1121 0.0149
9.0000 0.1122 0.0150
10.0000 0.1194 0.0145
11.0000 0.1257 0.0152
12.0000 0.1449 0.0155
13.0000 0.1164 0.0249
14.0000 0.1245 0.0241
15.0000 0.1625 0.0178
16.0000 0.1336 0.0117
17.0000 0.1103 0.0111
18.0000 0.1062 0.0082
19.0000 0.0806 0.0095
20.0000 0.0749 0.0119
21.0000 0.0847 0.0075
22.0000 0.0731 0.0061
23.0000 0.1523 0.0135
24.0000 0.0895 0.0097
25.0000 0.0782 0.0064
26.0000 0.1167 0.0136
27.0000 0.1020 0.0141
28.0000 0.0664 0.0088
29.0000 0.0725 0.0091
30.0000 0.0896 0.0103
31.0000 0.0949 0.0118
32.0000 0.1180 0.0131
33.0000 0.0814 0.0118
34.0000 0.0872 0.0120
35.0000 0.1040 0.0143
36.0000 0.0964 0.0111
37.0000 0.1751 0.0171
38.0000 0.0659 0.0066
